EpochTm	Satt	a	e	w	M	i	node	n	P
1997,1,16,0,0,0	Io	421800	0.0041	83.898	342.021	0.036	44.208	203.4889583	1.769
1997,1,16,0,0,0	Europa	671100	0.0094	88.684	171.016	0.469	219.383	101.3747242	3.551
1997,1,16,0,0,0	Ganymedes	1070400	0.0011	203.214	306.589	0.170	63.692	50.3176071	7.155
1997,1,16,0,0,0	Callisto	1882700	0.0074	57.714	180.997	0.187	294.195	21.5710729	16.69
1997,1,16,0,0,0	Amalthea	181400	0.0031	147.025	190.516	0.388	112.472	722.6317141	0.498
1997,1,16,0,0,0	Thebe	221900	0.0177	233.544	136.441	1.070	235.925	533.7002513	0.675
1997,1,16,0,0,0	Adrastea	129000	0.0018	328.047	135.673	0.054	228.378	1206.9988064	0.298
1997,1,16,0,0,0	Metis	128000	0.0012	297.177	276.047	0.019	146.912	1221.2545982	0.295
2000,1,1,0,0,0	Himalia	11461000.  	0.1623  	331.995  	68.721  	27.496  	57.245  	1.4367718  	250.56
2000,1,1,0,0,0	Elara	11741000. 	0.2174 	143.591 	332.962 	26.627 	109.373 	1.3865491 	259.64
2000,1,1,0,0,0	Pasiphae	23624000. 	0.4090 	170.450 	280.193 	151.431 	312.990 	0.4841107 	743.63
2000,1,1,0,0,0	Sinope	23939000. 	0.2495 	346.394 	168.397 	158.109 	303.081 	0.4743709 	758.90
2000,1,1,0,0,0	Lysithea	11717000. 	0.1124 	49.486 	329.121 	28.302 	5.528 	1.3888799 	259.20
2000,1,1,0,0,0	Carme	23404000. 	0.2533 	28.199 	234.027 	164.907 	113.738 	0.4903509 	734.17
2000,1,1,0,0,0	Ananke	21276000. 	0.2435 	100.619 	248.793 	148.889 	7.615 	0.5716368 	629.77
2000,1,1,0,0,0	Leda	11165000. 	0.1636 	272.349 	228.076 	27.457 	217.137 	1.4942498 	240.92
2002,5,6,0,0,0	Callirrhoe	24103000.  	0.2828  	30.493  	152.758  	147.158  	289.181  	0.4744544  	758.77
2002,5,6,0,0,0	Themisto	7284000. 	0.2426 	219.265 	161.960 	43.259 	189.234 	2.7688062 	130.02
2002,5,6,0,0,0	Magaclite 	23493000. 	0.4197 	287.911 	189.231 	152.769 	283.941 	0.4781658 	752.88
2002,5,6,0,0,0	Taygete	23280000. 	0.2525 	239.961 	154.215 	165.272 	310.097 	0.4915290 	732.41
2002,5,6,0,0,0	Chaldene	23100000. 	0.2519 	255.684 	330.698 	165.191 	141.901 	0.4974430 	723.70
2002,5,6,0,0,0	Harpalyke	20858000. 	0.2268 	140.546 	351.612 	148.644 	34.185 	0.5775599 	623.31
2002,5,6,0,0,0	Kalyke	23566000. 	0.2465 	232.520 	311.370 	165.159 	52.765 	0.4851569 	742.03
2002,5,6,0,0,0	Iocaste	21061000. 	0.2160 	68.729 	345.753 	149.429 	274.109 	0.5699810 	631.60
2002,5,6,0,0,0	Erinome	23196000. 	0.2665 	20.092 	326.133 	164.934 	323.450 	0.4941605 	728.51
2002,5,6,0,0,0	Isonoe	23155000. 	0.2471 	124.944 	186.847 	165.268 	135.459 	0.4956969 	726.25
2002,5,6,0,0,0	Praxidike	20907000. 	0.2308 	196.490 	251.909 	148.967 	284.987 	0.5756494 	625.38
2002,5,6,0,0,0	Autonoe	24046000.  	0.3168  	59.247  	188.268  	152.416  	277.139  	0.4730917  	760.95
2002,5,6,0,0,0	Thyone	20939000. 	0.2286 	101.517 	13.671 	148.509 	237.437 	0.5739687 	627.21
2002,5,6,0,0,0	Hermippe	21131000. 	0.2096 	308.199 	258.257 	150.725 	335.424 	0.5679131 	633.90
2002,5,6,0,0,0	Aitne	23229000. 	0.2643 	110.677 	167.511 	165.091 	15.915 	0.4930324 	730.18
2002,5,6,0,0,0	Eurydome	22865000. 	0.2759 	231.789 	358.457 	150.274 	308.853 	0.5018606 	717.33
2002,5,6,0,0,0	Euanthe	20797000. 	0.2321 	325.459 	113.555 	148.910 	258.578 	0.5801858 	620.49
2002,5,6,0,0,0	Euporie	19304000. 	0.1432 	89.231 	275.965 	145.767 	62.671 	0.6536611 	550.74
2002,5,6,0,0,0	Orthosie	20720000. 	0.2808 	222.682 	341.276 	145.921 	226.608 	0.5782606 	622.56
2002,5,6,0,0,0	Sponde	23487000. 	0.3121 	71.674 	228.603 	150.998 	123.963 	0.4810619 	748.34
2002,5,6,0,0,0	Kale	23217000. 	0.2599 	52.377 	272.074 	164.996 	64.620 	0.4935058 	729.47
2002,5,6,0,0,0	Pasithee	23004000. 	0.2675 	241.461 	282.394 	165.138 	333.554 	0.5003861 	719.44
2002,5,6,0,0,0	S2002_J1	22931000. 	0.2588 	182.824 	101.046 	165.001 	349.907 	0.4973040 	723.90
2003,6,10,0,0,0	S/2003_J1	23661000.  	0.2721  	325.618  	98.368  	165.482  	206.275  	0.4823193  	746.39  	78.29  	85.93  	44
2003,6,10,0,0,0	S/2003_J2	29541000. 	0.2255 	78.911 	285.963 	160.638 	217.735 	0.3673494 	979.99 	66.87 	65.28 	44
2003,6,10,0,0,0	S/2003_J3	20221000. 	0.1970 	72.755 	9.291 	147.550 	240.172 	0.6165686 	583.88 	181.74 	122.85 	44
2003,6,10,0,0,0	S/2003_J4	23930000. 	0.3618 	210.050 	140.119 	149.581 	192.434 	0.4766708 	755.24 	90.44 	83.10 	44
2003,6,10,0,0,0	S/2003_J5	23495000. 	0.2478 	103.587 	228.836 	165.247 	188.588 	0.4873242 	738.73 	80.90 	88.08 	44
2003,6,10,0,0,0	S/2003_J6	21263000. 	0.1558 	314.676 	36.241 	154.773 	100.286 	0.5671389 	634.77 	125.25 	112.58 	44
2003,6,10,0,0,0	S/2003_J7	23981000. 	0.4322 	74.488 	73.962 	158.257 	187.053 	0.4727515 	761.50 	69.20 	76.85 	44
2003,6,10,0,0,0	S/2003_J8	23947000. 	0.3276 	237.944 	122.921 	155.214 	343.773 	0.4867524 	739.60 	82.98 	83.72 	44
2003,6,10,0,0,0	S/2003_J9	23384000. 	0.2632 	306.249 	244.800 	165.079 	56.234 	0.4909353 	733.29 	80.27 	87.95 	44
2003,6,10,0,0,0	S/2003_J10	23042000. 	0.4295 	188.404 	168.466 	165.080 	166.779 	0.5026185 	716.25 	68.09 	80.37 	44
2003,6,10,0,0,0	S/2003_J11	24043000. 	0.2640 	18.487 	319.445 	165.504 	41.464 	0.4707508 	764.74 	77.72 	84.40 	44
2003,6,10,0,0,0	S/2003_J12	15912000. 	0.6056 	23.441 	269.102 	151.909 	75.960 	0.7354075 	489.52 	98.01 	109.53 	44
2003,6,10,0,0,0	S/2003_J13	24349000. 	0.3189 	213.997 	0.383 	149.255 	266.392 	0.4787824 	751.91 	77.89 	78.88 	44
2003,6,10,0,0,0	S/2003_J14	23614000. 	0.3439 	143.845 	297.479 	144.507 	324.627 	0.4619947 	779.23 	108.53 	84.34 	44
2003,6,10,0,0,0	S/2003_J15	22627000. 	0.1916 	24.461 	359.759 	146.510 	248.246 	0.5219126 	689.77 	187.94 	105.40 	44
2003,6,10,0,0,0	S/2003_J16	20963000. 	0.2245 	66.509 	316.221 	148.534 	27.618 	0.5840767 	616.36 	150.46 	113.23 	44
2003,6,10,0,0,0	S/2003_J17	23001000. 	0.2379 	348.828 	34.055 	164.917 	309.852 	0.5038686 	714.47 	83.66 	91.47 	44
2003,6,10,0,0,0	S/2003_J18	20514000. 	0.0148 	354.469 	22.784 	146.062 	166.160 	0.6034308 	596.59 	1270.06 	134.70 	44
2003,6,10,0,0,0	S/2003_J19	23533000. 	0.2557 	191.881 	112.512 	165.161 	41.272 	0.4862128 	740.42 	80.28 	87.51 	44
2003,6,10,0,0,0	S/2003_J20	16989000. 	0.4297 	90.045 	242.806 	51.395 	60.948 	0.7893063 	456.10 	infinite 	113.68 	44
2003,6,10,0,0,0	S/2003_J21	21069000. 	0.2273 	41.731 	338.899 	148.635 	18.056 	0.5806077 	620.04 	147.98 	112.29 	44
2003,6,10,0,0,0	S/2003_J22	21162000. 	0.2206 	179.757 	194.024 	151.417 	206.152 	0.5731668 	628.09 	130.65 	110.48 	44
2003,6,10,0,0,0	S/2003_J23	23563000. 	0.2714 	259.087 	148.832 	146.314 	47.420 	0.4915075 	732.44 	130.27 	92.96 	44