Epochtm	Satt	a	e	w	M	i	node	n	P
1989,8,25,0,0,0	Triton	354800.  	0.0000  	344.046  	264.775  	156.834  	172.431  	61.2601284  	5.877  	397.516  	688.126  	299.358  	43.455  	0.511  	4
1989,8,25,0,0,0	Nereid	5513400. 	0.7512 	280.830 	359.341 	7.232 	334.762 	0.9996241 	360.14 	7787.26 	9191.62 	270.113 	69.155 	30.210 	4
1989,8,18,0,0,0	Naiad	48227.  	0.0004  	31.733  	339.933  	4.746  	56.438  	1222.8435785  	0.294  	0.289  	0.575  	299.271  	42.942  	0.005  	45
1989,8,18,0,0,0	Thalassa	50075. 	0.0002 	323.125 	186.362 	0.209 	98.094 	1155.7559767 	0.311 	0.327 	0.654 	299.271 	42.941 	0.007 	45
1989,8,18,0,0,0	Despina	52526. 	0.0002 	293.365 	0.253 	0.064 	159.496 	1075.7330611 	0.335 	0.386 	0.773 	299.271 	42.939 	0.009 	45
1989,8,18,0,0,0	Galatea	61953. 	0.0000 	27.468 	261.313 	0.062 	125.707 	839.6612879 	0.429 	0.689 	1.380 	299.269 	42.927 	0.020 	45
1989,8,18,0,0,0	Larissa	73548. 	0.0014 	138.073 	37.004 	0.205 	17.588 	649.0540761 	0.555 	1.256 	2.513 	299.264 	42.899 	0.048 	45
1989,8,18,0,0,0	Proteus	117647. 	0.0005 	301.706 	117.050 	0.026 	162.690 	320.7656260 	1.122 	6.391 	12.787 	299.175 	42.404 	0.548 	45
2003,7,10,0,0,0	S2002_N1	15728000.  	0.5711  	159.729  	96.399  	134.101  	202.989  	0.1915188  	1879.71  	5373.24  	5089.27  	38
2003,7,10,0,0,0	S2002_N2	22422000. 	0.2931 	79.334 	207.083 	48.511 	55.532 	0.1235386 	2914.07 	68144.33 	4729.39 	38
2003,7,10,0,0,0	S2002_N3	23571000. 	0.4237 	142.395 	328.589 	34.741 	60.693 	0.1136419 	3167.85 	2264.02 	3176.12 	38
2003,7,10,0,0,0	S2003_N1	46695000. 	0.4499 	145.905 	206.165 	137.391 	300.968 	0.0394914 	9115.91 	1485.62 	1332.35 	38
2003,7,10,0,0,0	S2002_N4	48387000. 	0.4945 	89.330 	269.829 	132.585 	49.985 	0.0384042 	9373.99 	588583.45 	1053.21 	38