Epochtime	Satt	a	e	w	M	i	node	n	P
1997,1,16,0,0,0	Mimas	185600.  	0.0206  	322.864  	100.173  	1.566  	177.457  	381.9945625  	0.942  	0.493  	0.987  	40.570  	83.535  	0.005  	2
1997,1,16,0,0,0	Enceladus	238100. 	0.0001 	334.689 	162.044 	0.010 	137.077 	262.7319034 	1.370 	1.186 	2.373 	40.577 	83.540 	0.000 	2
1997,1,16,0,0,0	Tethys	294700. 	0.0001 	149.166 	28.755 	0.168 	149.174 	190.6979050 	1.888 	2.489 	4.980 	40.874 	83.535 	0.034 	2
1997,1,16,0,0,0	Dione	377400. 	0.0002 	173.999 	109.204 	0.002 	57.741 	131.5349292 	2.737 	5.850 	11.704 	40.540 	83.543 	0.006 	2
1997,1,16,0,0,0	Rhea	527100. 	0.0009 	205.869 	238.732 	0.327 	1.095 	79.6900463 	4.518 	17.908 	35.820 	40.362 	83.556 	0.029 	2
1997,1,16,0,0,0	Titan	1221900. 	0.0288 	172.749 	192.132 	1.634 	44.046 	22.5769747 	15.95 	581.68 	3485.64 	27.259 	84.963 	1.942 	2
1997,1,16,0,0,0	Hyperion	1464100. 	0.0175 	262.058 	52.956 	0.568 	273.863 	16.9199684 	21.28 	118.82 	143.22 	36.643 	83.788 	0.500 	2
1997,1,16,0,0,0	Iapetus	3560800. 	0.0284 	275.850 	350.306 	7.570 	75.583 	4.5379497 	79.33 	1681.60 	3153.68 	288.577 	78.826 	14.840 	2
1997,1,16,0,0,0	Phoebe	12944300. 	0.1644 	337.537 	174.569 	174.751 	237.143 	0.6566799 	548.21 	489.73 	788.95 	275.631 	68.031 	26.183 	2
1981,7,1,0,0,0	Janus	151500.  	0.0073  	27.852  	236.455  	0.165  	303.797  	518.2917182  	0.695  	0.240  	0.482  	40.580  	83.540  	0.015  	6
1981,7,1,0,0,0	Epimetheus	151400. 	0.0205 	100.866 	55.972 	0.335 	335.006 	518.5457476 	0.694 	0.240 	0.482 	40.580 	83.540 	0.015 	6
1981,7,1,0,0,0	Helene	377400. 	0.0001 	80.357 	10.033 	0.212 	10.214 	131.5349299 	2.737 	2.564 	11.736 	40.564 	83.543 	0.018 	6
1981,7,1,0,0,0	Telesto	294700. 	0.0010 	80.729 	7.907 	1.158 	126.124 	190.6979092 	1.888 	2.486 	4.982 	40.575 	83.541 	0.016 	6
1981,7,1,0,0,0	Calypso	294700. 	0.0005 	43.640 	201.815 	1.473 	209.184 	190.6979081 	1.888 	2.486 	4.982 	40.569 	83.541 	0.016 	6
1981,7,1,0,0,0	Atlas	137700. 	0.0000 	0.000 	186.541 	0.000 	0.000 	598.3066574 	0.602 	0.171 	0.344 	40.589 	83.525 	0.000 	6
1981,7,1,0,0,0	Prometheus	139400. 	0.0023 	212.854 	335.684 	0.000 	0.000 	587.2891702 	0.613 	0.179 	0.359 	40.589 	83.525 	0.000 	6
1981,7,1,0,0,0	Pandora	141700. 	0.0044 	68.229 	13.918 	0.000 	0.000 	572.7889099 	0.629 	0.190 	0.381 	40.589 	83.525 	0.000 	6
1981,7,1,0,0,0	Pan	133600. 	0.0000 	0.000 	122.072 	0.000 	0.000 	626.0440000 	0.575 	0.000 	0.000 	40.589 	83.525 	0.000 	6
2000,2,26,0,0,0	Ymir	23130000.  	0.3339  	22.684  	244.128  	173.104  	194.133  	0.2736959  	1315.33  	218.65  	279.09  	12
2000,2,26,0,0,0	Paaliaq	15198000. 	0.3632 	238.857 	351.882 	45.077 	326.986 	0.5240625 	686.94 	576.94 	534.68 	12
2000,2,26,0,0,0	Tarvos	18239000. 	0.5365 	273.666 	282.342 	33.495 	102.971 	0.3887156 	926.13 	194.12 	272.61 	12
2000,2,26,0,0,0	Ijiraq	11442000. 	0.3215 	85.523 	64.495 	46.730 	136.348 	0.7974023 	451.47 	23536.97 	868.25 	12
2000,2,26,0,0,0	Suttungr	19465000. 	0.1140 	35.650 	340.300 	175.811 	228.465 	0.3541527 	1016.51 	292.87 	402.18 	12
2000,2,26,0,0,0	Kiviuq	11365000. 	0.3336 	83.043 	221.005 	46.148 	359.519 	0.8013901 	449.22 	33671.25 	846.56 	12
2000,2,26,0,0,0	Mundilfari	18722000. 	0.2078 	309.948 	106.167 	167.476 	83.545 	0.3783270 	951.56 	313.57 	418.64 	12
2000,2,26,0,0,0	Albiorix	16394000. 	0.4791 	55.454 	58.812 	33.979 	102.311 	0.4594925 	783.47 	249.75 	358.85 	12
2000,2,26,0,0,0	Skathi	15641000. 	0.2690 	201.882 	148.583 	152.621 	283.934 	0.4943819 	728.18 	474.69 	544.00 	12
2000,2,26,0,0,0	Erriapo	17604000. 	0.4740 	281.776 	322.166 	34.469 	150.891 	0.4131999 	871.25 	219.54 	323.75 	12
2000,2,26,0,0,0	Siarnaq	18195000. 	0.2962 	65.495 	225.754 	45.539 	47.471 	0.4019886 	895.55 	455.76 	455.05 	12
2000,2,26,0,0,0	Thrymr	20219000. 	0.4852 	62.518 	63.027 	175.815 	222.867 	0.3297422 	1091.76 	221.85 	296.43 	12