Epochtm	Satt	a	e	w	M	i	node	n	P
1980,1,1,0,0,0	Ariel	190900.  	0.0012  	115.349  	39.481  	0.041  	22.394  	142.8356579  	2.520  	28.788  	57.248  	10
1980,1,1,0,0,0	Umbriel	266000. 	0.0039 	84.709 	12.469 	0.128 	33.485 	86.8688879 	4.144 	63.146 	126.951 	10
1980,1,1,0,0,0	Titania	436300. 	0.0011 	284.400 	24.614 	0.079 	99.771 	41.3514246 	8.706 	161.525 	195.369 	10
1980,1,1,0,0,0	Oberon	583500. 	0.0014 	104.400 	283.088 	0.068 	279.771 	26.7394888 	13.46 	161.52 	195.37 	10
1980,1,1,0,0,0	Miranda	129900. 	0.0013 	68.312 	311.330 	4.338 	326.438 	254.6906576 	1.413 	8.913 	17.727 	10
2004,7,14,0,0,0	Cordelia	49800.  	0.0003  	136.827  	254.805  	0.085  	38.374  	1074.5183162  	0.335  	0.328  	0.657  	9
2004,7,14,0,0,0	Ophelia	53800. 	0.0099 	17.761 	116.259 	0.104 	164.048 	956.4283330 	0.376 	0.431 	0.862 	9
2004,7,14,0,0,0	Bianca	59200. 	0.0009 	8.293 	138.486 	0.193 	93.220 	828.3879607 	0.435 	0.603 	1.206 	9
2004,7,14,0,0,0	Cressida	61800. 	0.0004 	44.236 	233.795 	0.006 	99.403 	776.5824144 	0.464 	0.701 	1.402 	9
2004,7,14,0,0,0	Desdemona	62700. 	0.0001 	183.285 	184.627 	0.113 	306.089 	760.0555393 	0.474 	0.737 	1.474 	9
2004,7,14,0,0,0	Juliet	64400. 	0.0007 	223.819 	244.696 	0.065 	200.155 	730.1261349 	0.493 	0.809 	1.619 	9
2004,7,14,0,0,0	Portia	66100. 	0.0001 	222.433 	218.312 	0.059 	260.067 	701.4864814 	0.513 	0.888 	1.777 	9
2004,7,14,0,0,0	Rosalind	69900. 	0.0001 	140.477 	136.181 	0.279 	12.847 	644.6304183 	0.558 	1.081 	2.163 	9
2004,7,14,0,0,0	Belinda	75300. 	0.0001 	42.406 	357.224 	0.031 	279.337 	577.3602885 	0.624 	1.397 	2.796 	9
2004,7,14,0,0,0	Puck	86000. 	0.0001 	177.094 	245.796 	0.319 	268.734 	472.5445878 	0.762 	2.224 	4.448 	9
2004,7,14,0,0,0	Caliban  	7231000.  	0.1587  	342.817  	325.188  	140.881  	163.845  	0.6209747  	579.73  	10186.54  	6539.92  	277.436  	64.637  	98.722  	16
2004,7,14,0,0,0	Sycorax 	12179000. 	0.5224 	21.291 	8.788 	159.404 	261.915 	0.2794387 	1288.30 	1393.19 	1862.89 	272.154 	66.466 	97.615 	16
2004,7,14,0,0,0	Prospero 	16256000. 	0.4448 	175.554 	187.893 	151.966 	318.599 	0.1819751 	1978.29 	1155.14 	1370.49 	271.470 	66.399 	97.747 	16
2004,7,14,0,0,0	Setebos 	17418000. 	0.5914 	1.539 	93.328 	158.202 	249.456 	0.1617822 	2225.21 	824.05 	1044.44 	272.151 	66.317 	97.759 	16
2004,7,14,0,0,0	Stephano 	8004000. 	0.2292 	19.024 	65.156 	144.113 	188.561 	0.5314740 	677.36 	5379.48 	5225.09 	272.003 	66.170 	97.916 	16
2004,7,14,0,0,0	Trinculo 	8504000. 	0.2200 	159.773 	255.448 	167.050 	192.806 	0.4804851 	749.24 	2586.68 	4257.88 	271.873 	66.318 	97.786 	16
2004,7,14,0,0,0	S/2001_U2 	20901000. 	0.3682 	159.568 	234.514 	169.840 	216.431 	0.1246879 	2887.21 	746.92 	996.22 	271.934 	66.322 	97.776 	37
2004,7,14,0,0,0	S/2001_U3 	4276000. 	0.1459 	124.720 	90.868 	145.220 	93.135 	1.3505648 	266.56 	16369.87 	14734.26 	276.911 	64.927 	98.522 	39
2004,7,14,0,0,0	S/2003_U3 	14345000. 	0.6608 	89.354 	322.440 	56.630 	3.535 	0.2133950 	1687.01 	1599805.74 	990.74 	272.570 	65.736 	98.278 	40